wp0[0,0,0]
wp1[-2.5,2.5,0]
wp2[2.5,2.5,0]
wp3[-2.5,-2.5,0]
wp4[2.5,-2.5,0]
wp5[3,0,0]
wp6[-0.96,0.54,0]
wp7[2.18,-0.96,0]
wp8[-0.54,-0.43,0]
wp9[-1.72,1.65,0]
wp10[0.11,-1.31,0]
wp11[-0.89,1.58,0]
wp12[2.79,1.78,0]
wp13[-2.69,0.96,0]
wp14[-0.02,0.14,0]
wp15[2.00,1.09,0]
wp16[-1.46,1.21,0]
wp17[1.87,2.05,0]
wp18[-0.62,-0.41,0]
wp19[-2.71,2.72,0]
wp20[-1.50,-0.05,0]
wp21[-1.31,-1.33,0]
wp22[-1.54,2.10,0]
wp23[2.72,0.03,0]
wp24[0.55,1.39,0]
wp25[-2.84,0.40,0]
wp26[-2.01,-0.14,0]
wp27[-2.72,-2.03,0]
wp28[0.10,-1.66,0]
wp29[0.47,2.36,0]
